UNITS MM,10000;
EDIT proj;
ADD P1 :W0.000000  41.7850,-4.0000 41.7850,-5.0000 43.0350,-5.0000 43.0350,-4.0000;
ADD P5 :W0.000000  42.4100,-5.5000 42.4536,-5.4981 42.4968,-5.4924 42.5394,-5.4830 42.5810,-5.4698 42.6213,-5.4532 42.6600,-5.4330 42.6968,-5.4096 42.7314,-5.3830 42.7636,-5.3536 42.7930,-5.3214 42.8196,-5.2868 42.8430,-5.2500 42.8632,-5.2113 42.8798,-5.1710 42.8930,-5.1294 42.9024,-5.0868 42.9081,-5.0436 42.9100,-5.0000 42.9081,-4.9564 42.9024,-4.9132 42.8930,-4.8706 42.8798,-4.8290 42.8632,-4.7887 42.8430,-4.7500 42.8196,-4.7132 42.7930,-4.6786 42.7636,-4.6464 42.7314,-4.6170 42.6968,-4.5904 42.6600,-4.5670 42.6213,-4.5468 42.5810,-4.5302 42.5394,-4.5170 42.4968,-4.5076 42.4536,-4.5019 42.4100,-4.5000 42.3664,-4.5019 42.3232,-4.5076 42.2806,-4.5170 42.2390,-4.5302 42.1987,-4.5468 42.1600,-4.5670 42.1232,-4.5904 42.0886,-4.6170 42.0564,-4.6464 42.0270,-4.6786 42.0004,-4.7132 41.9770,-4.7500 41.9568,-4.7887 41.9402,-4.8290 41.9270,-4.8706 41.9176,-4.9132 41.9119,-4.9564 41.9100,-5.0000 41.9119,-5.0436 41.9176,-5.0868 41.9270,-5.1294 41.9402,-5.1710 41.9568,-5.2113 41.9770,-5.2500 42.0004,-5.2868 42.0270,-5.3214 42.0564,-5.3536 42.0886,-5.3830 42.1232,-5.4096 42.1600,-5.4330 42.1987,-5.4532 42.2390,-5.4698 42.2806,-5.4830 42.3232,-5.4924 42.3664,-5.4981 42.4100,-5.5000;
ADD P1 :W0.000000  41.7850,-5.0000 41.7850,-5.6250 43.0350,-5.6250 43.0350,-5.0000;
ADD P1 :W0.000000  42.4100,-5.5000 42.4536,-5.4981 42.4968,-5.4924 42.5394,-5.4830 42.5810,-5.4698 42.6213,-5.4532 42.6600,-5.4330 42.6968,-5.4096 42.7314,-5.3830 42.7636,-5.3536 42.7930,-5.3214 42.8196,-5.2868 42.8430,-5.2500 42.8632,-5.2113 42.8798,-5.1710 42.8930,-5.1294 42.9024,-5.0868 42.9081,-5.0436 42.9100,-5.0000 42.9081,-4.9564 42.9024,-4.9132 42.8930,-4.8706 42.8798,-4.8290 42.8632,-4.7887 42.8430,-4.7500 42.8196,-4.7132 42.7930,-4.6786 42.7636,-4.6464 42.7314,-4.6170 42.6968,-4.5904 42.6600,-4.5670 42.6213,-4.5468 42.5810,-4.5302 42.5394,-4.5170 42.4968,-4.5076 42.4536,-4.5019 42.4100,-4.5000 42.3664,-4.5019 42.3232,-4.5076 42.2806,-4.5170 42.2390,-4.5302 42.1987,-4.5468 42.1600,-4.5670 42.1232,-4.5904 42.0886,-4.6170 42.0564,-4.6464 42.0270,-4.6786 42.0004,-4.7132 41.9770,-4.7500 41.9568,-4.7887 41.9402,-4.8290 41.9270,-4.8706 41.9176,-4.9132 41.9119,-4.9564 41.9100,-5.0000 41.9119,-5.0436 41.9176,-5.0868 41.9270,-5.1294 41.9402,-5.1710 41.9568,-5.2113 41.9770,-5.2500 42.0004,-5.2868 42.0270,-5.3214 42.0564,-5.3536 42.0886,-5.3830 42.1232,-5.4096 42.1600,-5.4330 42.1987,-5.4532 42.2390,-5.4698 42.2806,-5.4830 42.3232,-5.4924 42.3664,-5.4981 42.4100,-5.5000;
ADD P1 :W0.000000  47.3600,-0.6250 48.3600,-0.6250 48.3600,0.6250 47.3600,0.6250;
ADD P5 :W0.000000  48.8600,0.0000 48.8581,0.0436 48.8524,0.0868 48.8430,0.1294 48.8298,0.1710 48.8132,0.2113 48.7930,0.2500 48.7696,0.2868 48.7430,0.3214 48.7136,0.3536 48.6814,0.3830 48.6468,0.4096 48.6100,0.4330 48.5713,0.4532 48.5310,0.4698 48.4894,0.4830 48.4468,0.4924 48.4036,0.4981 48.3600,0.5000 48.3164,0.4981 48.2732,0.4924 48.2306,0.4830 48.1890,0.4698 48.1487,0.4532 48.1100,0.4330 48.0732,0.4096 48.0386,0.3830 48.0064,0.3536 47.9770,0.3214 47.9504,0.2868 47.9270,0.2500 47.9068,0.2113 47.8902,0.1710 47.8770,0.1294 47.8676,0.0868 47.8619,0.0436 47.8600,0.0000 47.8619,-0.0436 47.8676,-0.0868 47.8770,-0.1294 47.8902,-0.1710 47.9068,-0.2113 47.9270,-0.2500 47.9504,-0.2868 47.9770,-0.3214 48.0064,-0.3536 48.0386,-0.3830 48.0732,-0.4096 48.1100,-0.4330 48.1487,-0.4532 48.1890,-0.4698 48.2306,-0.4830 48.2732,-0.4924 48.3164,-0.4981 48.3600,-0.5000 48.4036,-0.4981 48.4468,-0.4924 48.4894,-0.4830 48.5310,-0.4698 48.5713,-0.4532 48.6100,-0.4330 48.6468,-0.4096 48.6814,-0.3830 48.7136,-0.3536 48.7430,-0.3214 48.7696,-0.2868 48.7930,-0.2500 48.8132,-0.2113 48.8298,-0.1710 48.8430,-0.1294 48.8524,-0.0868 48.8581,-0.0436 48.8600,0.0000;
ADD P1 :W0.000000  48.3600,-0.6250 48.9850,-0.6250 48.9850,0.6250 48.3600,0.6250;
ADD P1 :W0.000000  48.8600,0.0000 48.8581,0.0436 48.8524,0.0868 48.8430,0.1294 48.8298,0.1710 48.8132,0.2113 48.7930,0.2500 48.7696,0.2868 48.7430,0.3214 48.7136,0.3536 48.6814,0.3830 48.6468,0.4096 48.6100,0.4330 48.5713,0.4532 48.5310,0.4698 48.4894,0.4830 48.4468,0.4924 48.4036,0.4981 48.3600,0.5000 48.3164,0.4981 48.2732,0.4924 48.2306,0.4830 48.1890,0.4698 48.1487,0.4532 48.1100,0.4330 48.0732,0.4096 48.0386,0.3830 48.0064,0.3536 47.9770,0.3214 47.9504,0.2868 47.9270,0.2500 47.9068,0.2113 47.8902,0.1710 47.8770,0.1294 47.8676,0.0868 47.8619,0.0436 47.8600,0.0000 47.8619,-0.0436 47.8676,-0.0868 47.8770,-0.1294 47.8902,-0.1710 47.9068,-0.2113 47.9270,-0.2500 47.9504,-0.2868 47.9770,-0.3214 48.0064,-0.3536 48.0386,-0.3830 48.0732,-0.4096 48.1100,-0.4330 48.1487,-0.4532 48.1890,-0.4698 48.2306,-0.4830 48.2732,-0.4924 48.3164,-0.4981 48.3600,-0.5000 48.4036,-0.4981 48.4468,-0.4924 48.4894,-0.4830 48.5310,-0.4698 48.5713,-0.4532 48.6100,-0.4330 48.6468,-0.4096 48.6814,-0.3830 48.7136,-0.3536 48.7430,-0.3214 48.7696,-0.2868 48.7930,-0.2500 48.8132,-0.2113 48.8298,-0.1710 48.8430,-0.1294 48.8524,-0.0868 48.8581,-0.0436 48.8600,0.0000;
ADD P1 :W0.000000  33.7100,-0.3000 33.7100,-1.8000 34.3100,-1.8000 34.3100,-0.3000;
ADD P1 :W0.000000  35.8100,0.3000 34.3100,0.3000 34.3100,-0.3000 35.8100,-0.3000;
ADD P1 :W0.000000  29.7100,-0.3000 33.7100,-0.3000 33.7100,0.3000 29.7100,0.3000;
ADD P1 :W0.000000  33.7100,0.3000 33.7100,-0.3000 34.3100,-0.3000 34.3100,0.3000;
ADD P1 :W0.000000  27.2100,-1.5050 28.2100,-1.5050 28.2100,1.5050 27.2100,1.5050;
ADD P1 :W0.000000  28.2100,1.5050 28.2100,-1.5050 29.7100,-0.3000 29.7100,0.3000;
ADD P5 :W0.000000  34.0100,-6.6000 34.0187,-6.5996 34.0274,-6.5985 34.0359,-6.5966 34.0442,-6.5940 34.0523,-6.5906 34.0600,-6.5866 34.0674,-6.5819 34.0743,-6.5766 34.0807,-6.5707 34.0866,-6.5643 34.0919,-6.5574 34.0966,-6.5500 34.1006,-6.5423 34.1040,-6.5342 34.1066,-6.5259 34.1085,-6.5174 34.1096,-6.5087 34.1100,-6.5000 34.1096,-6.4913 34.1085,-6.4826 34.1066,-6.4741 34.1040,-6.4658 34.1006,-6.4577 34.0966,-6.4500 34.0919,-6.4426 34.0866,-6.4357 34.0807,-6.4293 34.0743,-6.4234 34.0674,-6.4181 34.0600,-6.4134 34.0523,-6.4094 34.0442,-6.4060 34.0359,-6.4034 34.0274,-6.4015 34.0187,-6.4004 34.0100,-6.4000 34.0013,-6.4004 33.9926,-6.4015 33.9841,-6.4034 33.9758,-6.4060 33.9677,-6.4094 33.9600,-6.4134 33.9526,-6.4181 33.9457,-6.4234 33.9393,-6.4293 33.9334,-6.4357 33.9281,-6.4426 33.9234,-6.4500 33.9194,-6.4577 33.9160,-6.4658 33.9134,-6.4741 33.9115,-6.4826 33.9104,-6.4913 33.9100,-6.5000 33.9104,-6.5087 33.9115,-6.5174 33.9134,-6.5259 33.9160,-6.5342 33.9194,-6.5423 33.9234,-6.5500 33.9281,-6.5574 33.9334,-6.5643 33.9393,-6.5707 33.9457,-6.5766 33.9526,-6.5819 33.9600,-6.5866 33.9677,-6.5906 33.9758,-6.5940 33.9841,-6.5966 33.9926,-6.5985 34.0013,-6.5996 34.0100,-6.6000;
ADD P1 :W0.000000  33.7100,-6.5000 33.7100,-6.8000 34.3100,-6.8000 34.3100,-6.5000;
ADD P1 :W0.000000  34.0100,-6.6000 34.0187,-6.5996 34.0274,-6.5985 34.0359,-6.5966 34.0442,-6.5940 34.0523,-6.5906 34.0600,-6.5866 34.0674,-6.5819 34.0743,-6.5766 34.0807,-6.5707 34.0866,-6.5643 34.0919,-6.5574 34.0966,-6.5500 34.1006,-6.5423 34.1040,-6.5342 34.1066,-6.5259 34.1085,-6.5174 34.1096,-6.5087 34.1100,-6.5000 34.1096,-6.4913 34.1085,-6.4826 34.1066,-6.4741 34.1040,-6.4658 34.1006,-6.4577 34.0966,-6.4500 34.0919,-6.4426 34.0866,-6.4357 34.0807,-6.4293 34.0743,-6.4234 34.0674,-6.4181 34.0600,-6.4134 34.0523,-6.4094 34.0442,-6.4060 34.0359,-6.4034 34.0274,-6.4015 34.0187,-6.4004 34.0100,-6.4000 34.0013,-6.4004 33.9926,-6.4015 33.9841,-6.4034 33.9758,-6.4060 33.9677,-6.4094 33.9600,-6.4134 33.9526,-6.4181 33.9457,-6.4234 33.9393,-6.4293 33.9334,-6.4357 33.9281,-6.4426 33.9234,-6.4500 33.9194,-6.4577 33.9160,-6.4658 33.9134,-6.4741 33.9115,-6.4826 33.9104,-6.4913 33.9100,-6.5000 33.9104,-6.5087 33.9115,-6.5174 33.9134,-6.5259 33.9160,-6.5342 33.9194,-6.5423 33.9234,-6.5500 33.9281,-6.5574 33.9334,-6.5643 33.9393,-6.5707 33.9457,-6.5766 33.9526,-6.5819 33.9600,-6.5866 33.9677,-6.5906 33.9758,-6.5940 33.9841,-6.5966 33.9926,-6.5985 34.0013,-6.5996 34.0100,-6.6000;
ADD P1 :W0.000000  33.7100,-4.5000 33.7100,-6.5000 34.3100,-6.5000 34.3100,-4.5000;
ADD P1 :W0.000000  33.7100,-3.0000 33.7100,-4.5000 34.3100,-4.5000 34.3100,-3.0000;
ADD P5 :W0.000000  2.5050,-24.5050 2.5922,-24.5012 2.6786,-24.4898 2.7638,-24.4709 2.8470,-24.4447 2.9276,-24.4113 3.0050,-24.3710 3.0786,-24.3242 3.1478,-24.2710 3.2121,-24.2121 3.2710,-24.1478 3.3242,-24.0786 3.3710,-24.0050 3.4113,-23.9276 3.4447,-23.8470 3.4709,-23.7638 3.4898,-23.6786 3.5012,-23.5922 3.5050,-23.5050 3.5012,-23.4178 3.4898,-23.3314 3.4709,-23.2462 3.4447,-23.1630 3.4113,-23.0824 3.3710,-23.0050 3.3242,-22.9314 3.2710,-22.8622 3.2121,-22.7979 3.1478,-22.7390 3.0786,-22.6858 3.0050,-22.6390 2.9276,-22.5987 2.8470,-22.5653 2.7638,-22.5391 2.6786,-22.5202 2.5922,-22.5088 2.5050,-22.5050 2.4178,-22.5088 2.3314,-22.5202 2.2462,-22.5391 2.1630,-22.5653 2.0824,-22.5987 2.0050,-22.6390 1.9314,-22.6858 1.8622,-22.7390 1.7979,-22.7979 1.7390,-22.8622 1.6858,-22.9314 1.6390,-23.0050 1.5987,-23.0824 1.5653,-23.1630 1.5391,-23.2462 1.5202,-23.3314 1.5088,-23.4178 1.5050,-23.5050 1.5088,-23.5922 1.5202,-23.6786 1.5391,-23.7638 1.5653,-23.8470 1.5987,-23.9276 1.6390,-24.0050 1.6858,-24.0786 1.7390,-24.1478 1.7979,-24.2121 1.8622,-24.2710 1.9314,-24.3242 2.0050,-24.3710 2.0824,-24.4113 2.1630,-24.4447 2.2462,-24.4709 2.3314,-24.4898 2.4178,-24.5012 2.5050,-24.5050;
ADD P1 :W0.000000  1.0000,-23.5050 1.0000,-25.0100 4.0100,-25.0100 4.0100,-23.5050;
ADD P1 :W0.000000  2.5050,-24.5050 2.5922,-24.5012 2.6786,-24.4898 2.7638,-24.4709 2.8470,-24.4447 2.9276,-24.4113 3.0050,-24.3710 3.0786,-24.3242 3.1478,-24.2710 3.2121,-24.2121 3.2710,-24.1478 3.3242,-24.0786 3.3710,-24.0050 3.4113,-23.9276 3.4447,-23.8470 3.4709,-23.7638 3.4898,-23.6786 3.5012,-23.5922 3.5050,-23.5050 3.5012,-23.4178 3.4898,-23.3314 3.4709,-23.2462 3.4447,-23.1630 3.4113,-23.0824 3.3710,-23.0050 3.3242,-22.9314 3.2710,-22.8622 3.2121,-22.7979 3.1478,-22.7390 3.0786,-22.6858 3.0050,-22.6390 2.9276,-22.5987 2.8470,-22.5653 2.7638,-22.5391 2.6786,-22.5202 2.5922,-22.5088 2.5050,-22.5050 2.4178,-22.5088 2.3314,-22.5202 2.2462,-22.5391 2.1630,-22.5653 2.0824,-22.5987 2.0050,-22.6390 1.9314,-22.6858 1.8622,-22.7390 1.7979,-22.7979 1.7390,-22.8622 1.6858,-22.9314 1.6390,-23.0050 1.5987,-23.0824 1.5653,-23.1630 1.5391,-23.2462 1.5202,-23.3314 1.5088,-23.4178 1.5050,-23.5050 1.5088,-23.5922 1.5202,-23.6786 1.5391,-23.7638 1.5653,-23.8470 1.5987,-23.9276 1.6390,-24.0050 1.6858,-24.0786 1.7390,-24.1478 1.7979,-24.2121 1.8622,-24.2710 1.9314,-24.3242 2.0050,-24.3710 2.0824,-24.4113 2.1630,-24.4447 2.2462,-24.4709 2.3314,-24.4898 2.4178,-24.5012 2.5050,-24.5050;
ADD P1 :W0.000000  45.4600,-0.6250 45.4600,0.6250 44.4600,0.3000 44.4600,-0.3000;
ADD P1 :W0.000000  42.1100,0.3000 42.1100,-0.3000 42.7100,-0.3000 42.7100,0.3000;
ADD P1 :W0.000000  39.4100,-0.3000 42.1100,-0.3000 42.1100,0.3000 39.4100,0.3000;
ADD P1 :W0.000000  43.0350,-2.8000 43.0350,-1.8000 41.7850,-1.8000 41.7850,-2.8000;
ADD P1 :W0.000000  41.7850,-1.8000 43.0350,-1.8000 42.7100,-0.8000 42.1100,-0.8000;
ADD P1 :W0.000000  42.1100,-0.3000 42.1100,-0.8000 42.7100,-0.8000 42.7100,-0.3000;
ADD P1 :W0.000000  46.4600,0.6250 45.4600,0.6250 45.4600,-0.6250 46.4600,-0.6250;
ADD P1 :W0.000000  37.0100,-0.3000 39.4100,-0.3000 39.4100,0.3000 37.0100,0.3000;
ADD P1 :W0.000000  42.7100,-0.3000 44.4600,-0.3000 44.4600,0.3000 42.7100,0.3000;
ADD P1 :W0.000000  26.0100,1.5050 25.0100,1.5050 25.0100,-1.5050 26.0100,-1.5050;
ADD P1 :W0.000000  4.0100,-1.5050 25.0100,-1.5050 25.0100,1.5050 4.0100,1.5050;
ADD P1 :W0.000000  1.0000,1.5050 1.0000,-1.5050 4.0100,-1.5050 4.0100,1.5050;
ADD P1 :W0.000000  0.0000,-1.5050 1.0000,-1.5050 1.0000,1.5050 0.0000,1.5050;
ADD P1 :W0.000000  1.0000,-1.5050 1.0000,-23.5050 4.0100,-23.5050 4.0100,-1.5050;
SAVE;
